{
  "nbformat": 4,
  "nbformat_minor": 0,
  "metadata": {
    "colab": {
      "provenance": [],
      "collapsed_sections": [],
      "authorship_tag": "ABX9TyMnHXgTMuM7ghdTLfrbqcHG",
      "include_colab_link": true
    },
    "kernelspec": {
      "name": "python3",
      "display_name": "Python 3"
    },
    "language_info": {
      "name": "python"
    }
  },
  "cells": [
    {
      "cell_type": "markdown",
      "metadata": {
        "id": "view-in-github",
        "colab_type": "text"
      },
      "source": [
        "<a href=\"https://colab.research.google.com/github/MucaCirone/Master_Thesis/blob/main/ConvergenceEulerScheme.ipynb\" target=\"_parent\"><img src=\"https://colab.research.google.com/assets/colab-badge.svg\" alt=\"Open In Colab\"/></a>"
      ]
    },
    {
      "cell_type": "code",
      "execution_count": 77,
      "metadata": {
        "id": "rJMl7KHwgDoO"
      },
      "outputs": [],
      "source": [
        "%matplotlib inline  \n",
        "\n",
        "import numpy as np\n",
        "import matplotlib.pyplot as plt"
      ]
    },
    {
      "cell_type": "code",
      "source": [
        "def ReLU_phi(a,b,c):\n",
        "  # a, b, c = K_{t,t}, K_{t,s}, K_{s,s}\n",
        "  kappa = np.max([np.min([b/np.sqrt(a*c), 1]), -1]) # Need the min due to numerical errors\n",
        "  return (np.sqrt(1 - kappa**2) + (np.pi - np.arccos(kappa)*kappa))*np.sqrt(a*c)/(2*np.pi)\n",
        "\n",
        "def erf_phi(a,b,c):\n",
        "  # a, b, c = K_{t,t}, K_{t,s}, K_{s,s}\n",
        "  return (2/np.pi)*np.arcsin(b/(np.sqrt((a+0.5)*(c+0.5))))\n",
        "\n",
        "def exp_phi(a, b, c, sigma = 4.):\n",
        "  # a, b, c = K_{t,t}, K_{t,s}, K_{s,s}\n",
        "  return np.exp((a + 2*b + c)/(2*sigma**2))\n",
        "\n",
        "def id_phi(a, b, c):\n",
        "  # a, b, c = K_{t,t}, K_{t,s}, K_{s,s}\n",
        "  return b"
      ],
      "metadata": {
        "id": "2Z-f5qNwgJqp"
      },
      "execution_count": 2,
      "outputs": []
    },
    {
      "cell_type": "code",
      "source": [
        "def print_K(K, interval_x, interval_y, contour = False):\n",
        "\n",
        "  X, Y = np.meshgrid(interval_x, interval_y)\n",
        "  T = interval_x.shape[0]\n",
        "  Z = K\n",
        "\n",
        "  if not contour:\n",
        "    ax = plt.axes(projection='3d')\n",
        "    ax.plot_surface(X, Y, Z, rstride=1, cstride=1,\n",
        "                    cmap='viridis', edgecolor='none')\n",
        "    ax.set_title('surface')\n",
        "\n",
        "  if contour:\n",
        "    fig = plt.figure()\n",
        "    ax = plt.axes(projection='3d')\n",
        "    ax.contour3D(X, Y, Z, 50)#, cmap='binary')\n",
        "    ax.set_xlabel('x')\n",
        "    ax.set_ylabel('y')\n",
        "    ax.set_zlabel('z');"
      ],
      "metadata": {
        "id": "3ph7PVeim6j2"
      },
      "execution_count": 3,
      "outputs": []
    },
    {
      "cell_type": "code",
      "source": [
        "import plotly.graph_objects as go\n",
        "\n",
        "def print_K_go(K, interval_x, interval_y):\n",
        "\n",
        "  x, y = interval_x, interval_y\n",
        "  z = K\n",
        "\n",
        "  fig = go.Figure(data=[go.Surface(z=z, x=x, y=y)])\n",
        "  fig.update_traces(contours_z=dict(show=True, usecolormap=True,\n",
        "                                  highlightcolor=\"limegreen\", project_z=True))\n",
        "  fig.update_layout(autosize=False,\n",
        "                    width=500, height=500,\n",
        "                    margin=dict(l=65, r=50, b=65, t=90))\n",
        "  fig.show()"
      ],
      "metadata": {
        "id": "NaA8inAW-Lev"
      },
      "execution_count": 90,
      "outputs": []
    },
    {
      "cell_type": "markdown",
      "source": [
        "$$\n",
        "  K_{t+1,s+1}^{x,y} = K_{t+1,s}^{x,y} + K_{t,s+1}^{x,y} - K_{t,s}^{x,y} + \\phi_{ReLU}(K_{t,t}^{x,x},K_{t,s}^{x,y},K_{s,s}^{y,y})⟨Δ x_t , Δ y_s ⟩\n",
        "$$\n",
        "\n",
        "where\n",
        "$$\n",
        "Δ x_t = x_{t+1} - x_t\n",
        "$$"
      ],
      "metadata": {
        "id": "tQ24Q-jdhHVX"
      }
    },
    {
      "cell_type": "code",
      "source": [
        "def K_same(x, phi):\n",
        "\n",
        "  Delta_x = np.diff(x)\n",
        "  T = Delta_x.shape[0]\n",
        "\n",
        "  K = np.ones((T+1,T+1))\n",
        "\n",
        "  for t in range(T):\n",
        "    for s in range(t):\n",
        "      K[t+1, s+1] = K[t+1, s] + K[t, s+1] - K[t,s] + phi(K[t, t],K[t, s],K[s, s])*Delta_x[t]*Delta_x[s]\n",
        "      K[s+1, t+1] = K[t+1, s+1]\n",
        "\n",
        "      #if np.isnan(K[t+1, s+1]) :\n",
        "      #  print(t,s)\n",
        "      #  print(K[t, t],K[t, s],K[s, s] )\n",
        "\n",
        "    K[t+1,t+1] = 2*K[t+1,t] - K[t,t] + phi(K[t, t],K[t, t],K[t, t])*Delta_x[t]*Delta_x[t]\n",
        "\n",
        "  return K"
      ],
      "metadata": {
        "id": "6XZkGj2xmJ-t"
      },
      "execution_count": 4,
      "outputs": []
    },
    {
      "cell_type": "code",
      "source": [
        "def Kxy(x, y, phi, Kxx, Kyy):\n",
        "\n",
        "  Delta_x = np.diff(x)\n",
        "  Delta_y = np.diff(y)\n",
        "\n",
        "  T_x = Delta_x.shape[0]\n",
        "  T_y = Delta_y.shape[0]\n",
        "\n",
        "  K = np.ones((T_x+1,T_y+1))\n",
        "\n",
        "  for t in range(T):\n",
        "\n",
        "    for s in range(t):\n",
        "      K[t+1, s+1] = K[t+1, s] + K[t, s+1] - K[t,s] + phi(Kxx[t, t],K[t, s],Kyy[s, s])*Delta_x[t]*Delta_y[s]\n",
        "\n",
        "    for s in range(t+1):\n",
        "      K[s+1, t+1] = K[s+1, t] + K[s, t+1] - K[s,t] + phi(Kxx[s, s],K[s, t],Kyy[t, t])*Delta_x[s]*Delta_y[t]\n",
        "\n",
        "\n",
        "  return K"
      ],
      "metadata": {
        "id": "3AZUzgwCnYft"
      },
      "execution_count": 5,
      "outputs": []
    },
    {
      "cell_type": "code",
      "source": [
        "# Inputs\n",
        "T = 100\n",
        "interval_x = np.linspace(0,1,T+1)\n",
        "interval_y = interval_x\n",
        "x = np.sin(interval_x)\n",
        "y = np.cos(10*interval_y + np.exp(interval_x))\n",
        "\n",
        "# phi \\in {ReLU_phi, erf_phi, exp_phi, id_phi}\n",
        "phi_ = [ReLU_phi, erf_phi, exp_phi, id_phi]\n",
        "phi = ReLU_phi\n",
        "\n",
        "# Compute Kernel Matrices\n",
        "Kxx = K_same(x, phi)\n",
        "Kyy = K_same(y, phi)\n",
        "K = Kxy(x, y, phi, Kxx, Kyy)\n",
        "\n",
        "print_K_go(Kyy, interval_x, interval_y)"
      ],
      "metadata": {
        "colab": {
          "base_uri": "https://localhost:8080/",
          "height": 517
        },
        "id": "e6eE8Ehjmuoi",
        "outputId": "44fd4307-e7bc-4468-8f6e-7908b2ce5fce"
      },
      "execution_count": 96,
      "outputs": [
        {
          "output_type": "display_data",
          "data": {
            "text/html": [
              "<html>\n",
              "<head><meta charset=\"utf-8\" /></head>\n",
              "<body>\n",
              "    <div>            <script src=\"https://cdnjs.cloudflare.com/ajax/libs/mathjax/2.7.5/MathJax.js?config=TeX-AMS-MML_SVG\"></script><script type=\"text/javascript\">if (window.MathJax) {MathJax.Hub.Config({SVG: {font: \"STIX-Web\"}});}</script>                <script type=\"text/javascript\">window.PlotlyConfig = {MathJaxConfig: 'local'};</script>\n",
              "        <script src=\"https://cdn.plot.ly/plotly-2.8.3.min.js\"></script>                <div id=\"3e5ee580-73b7-4b36-945a-4551bda0ee26\" class=\"plotly-graph-div\" style=\"height:500px; width:500px;\"></div>            <script type=\"text/javascript\">                                    window.PLOTLYENV=window.PLOTLYENV || {};                                    if (document.getElementById(\"3e5ee580-73b7-4b36-945a-4551bda0ee26\")) {                    Plotly.newPlot(                        \"3e5ee580-73b7-4b36-945a-4551bda0ee26\",                        [{\"x\":[0.0,0.01,0.02,0.03,0.04,0.05,0.06,0.07,0.08,0.09,0.1,0.11,0.12,0.13,0.14,0.15,0.16,0.17,0.18,0.19,0.2,0.21,0.22,0.23,0.24,0.25,0.26,0.27,0.28,0.29,0.3,0.31,0.32,0.33,0.34,0.35000000000000003,0.36,0.37,0.38,0.39,0.4,0.41000000000000003,0.42,0.43,0.44,0.45,0.46,0.47000000000000003,0.48,0.49,0.5,0.51,0.52,0.53,0.54,0.55,0.56,0.5700000000000001,0.58,0.59,0.6,0.61,0.62,0.63,0.64,0.65,0.66,0.67,0.68,0.6900000000000001,0.7000000000000001,0.71,0.72,0.73,0.74,0.75,0.76,0.77,0.78,0.79,0.8,0.81,0.8200000000000001,0.8300000000000001,0.84,0.85,0.86,0.87,0.88,0.89,0.9,0.91,0.92,0.93,0.9400000000000001,0.9500000000000001,0.96,0.97,0.98,0.99,1.0],\"y\":[0.0,0.01,0.02,0.03,0.04,0.05,0.06,0.07,0.08,0.09,0.1,0.11,0.12,0.13,0.14,0.15,0.16,0.17,0.18,0.19,0.2,0.21,0.22,0.23,0.24,0.25,0.26,0.27,0.28,0.29,0.3,0.31,0.32,0.33,0.34,0.35000000000000003,0.36,0.37,0.38,0.39,0.4,0.41000000000000003,0.42,0.43,0.44,0.45,0.46,0.47000000000000003,0.48,0.49,0.5,0.51,0.52,0.53,0.54,0.55,0.56,0.5700000000000001,0.58,0.59,0.6,0.61,0.62,0.63,0.64,0.65,0.66,0.67,0.68,0.6900000000000001,0.7000000000000001,0.71,0.72,0.73,0.74,0.75,0.76,0.77,0.78,0.79,0.8,0.81,0.8200000000000001,0.8300000000000001,0.84,0.85,0.86,0.87,0.88,0.89,0.9,0.91,0.92,0.93,0.9400000000000001,0.9500000000000001,0.96,0.97,0.98,0.99,1.0],\"z\":[[1.0,1.0,1.0,1.0,1.0,1.0,1.0,1.0,1.0,1.0,1.0,1.0,1.0,1.0,1.0,1.0,1.0,1.0,1.0,1.0,1.0,1.0,1.0,1.0,1.0,1.0,1.0,1.0,1.0,1.0,1.0,1.0,1.0,1.0,1.0,1.0,1.0,1.0,1.0,1.0,1.0,1.0,1.0,1.0,1.0,1.0,1.0,1.0,1.0,1.0,1.0,1.0,1.0,1.0,1.0,1.0,1.0,1.0,1.0,1.0,1.0,1.0,1.0,1.0,1.0,1.0,1.0,1.0,1.0,1.0,1.0,1.0,1.0,1.0,1.0,1.0,1.0,1.0,1.0,1.0,1.0,1.0,1.0,1.0,1.0,1.0,1.0,1.0,1.0,1.0,1.0,1.0,1.0,1.0,1.0,1.0,1.0,1.0,1.0,1.0,1.0],[1.0,1.0045778789152373,1.0094288829821547,1.0145227460241226,1.0198330374135989,1.025335245931715,1.031003948071046,1.0368093024962801,1.0427132213124013,1.0486656578101228,1.0546015079589508,1.0604386367392649,1.0660774981248333,1.071402709657265,1.0762867665091238,1.0805958440264603,1.084197363677226,1.0869687200186662,1.0888063302285422,1.0896340198314909,1.089409737985145,1.0881297246906487,1.085829526119543,1.0825816393995253,1.0784900061099731,1.0736819916038502,1.0682988132639983,1.0624855596029972,1.0563819465229933,1.0501147926308558,1.0437928976799373,1.0375046334566536,1.0313181704048175,1.0252839284988262,1.019438605619376,1.0138100264836896,1.0084220689397403,1.0032990369275936,0.9984690203041887,0.9939659908539336,0.9898299370407632,0.9861058792656783,0.9828432978061233,0.9800942346265544,0.9779102238986992,0.9763384190927398,0.9754174475838217,0.9751736091157637,0.9756180222162875,0.9767452032599641,0.9785333475831041,0.9809463038585178,0.9839369418879612,0.9874513674457233,0.9914332877541879,0.9958278113418952,1.0005840837704723,1.0056563475648967,1.011003921360745,1.016591969938788,1.0223894807237832,1.028365690712125,1.034485393443563,1.040703636967903,1.0469604899605964,1.0531766601397232,1.0592507833368217,1.065059135647458,1.0704583331858346,1.0752912675133397,1.0793960983822664,1.0826176376990853,1.084819986485624,1.0858989241962096,1.0857923893462704,1.0844874984248176,1.0820229440082483,1.0784862479548918,1.0740061163270294,1.0687409039846165,1.062864797077428,1.056553640377383,1.0499723134248828,1.0432652080818403,1.0365507612869795,1.0299202784674155,1.0234405910197997,1.0171595567775333,1.0111131216634404,1.0053326325016125,0.9998512612358224,0.994708994002639,0.9899549417821527,0.9856458563556332,0.9818462339556282,0.9786265938768753,0.9760592428546132,0.97421228923548,0.9731427884096291,0.9728901780366027,0.9734712137895543],[1.0,1.0094288829821547,1.0194199752814472,1.029910121641111,1.0408435033689452,1.0521681404768672,1.063830217208408,1.075767030165986,1.0878992650514554,1.1001234925077383,1.1123058939477943,1.1242782586319076,1.1358372082628299,1.1467473859296222,1.1567489876066992,1.165569534079221,1.1729392236615748,1.1786086425246098,1.1823671301812595,1.1840597977435896,1.1836011558568913,1.1809835713799297,1.1762793277654968,1.1696358456979699,1.161264509114825,1.151424389687953,1.1404028245046343,1.1284951647957246,1.1159860227232794,1.1031340094478195,1.0901613525280058,1.077249018651633,1.0645371822543588,1.0521301993036487,1.0401047673328159,1.0285197303234306,1.0174260182306425,1.0068754437006098,0.996927444381544,0.9876525708791936,0.9791324302681029,0.9714594299225968,0.9647356030353585,0.9590686226677057,0.9545653548487362,0.9513237318130542,0.949424059516875,0.9489210502144286,0.9498378441070631,0.952163033907407,0.9558512559194536,0.960827329619831,0.9669933190780025,0.9742373735356282,0.9824428894136468,0.991496492301096,1.0012935791241266,1.011740594534119,1.0227543712297538,1.0342616464544898,1.0461967681687654,1.0584945660997118,1.071080928157997,1.0838621131865767,1.096714175202505,1.1094740930901148,1.121934272923304,1.1338419578891366,1.1449046985756308,1.1548023917453647,1.1632055275199182,1.169798292864473,1.1743042199716254,1.1765113325364587,1.1762934179552837,1.1736242734302362,1.1685825739674933,1.1613462990438967,1.1521772189008705,1.1413974864578476,1.1293615993771313,1.1164276441254857,1.1029316875011976,1.0891684672434014,1.075380315817287,1.0617547898773438,1.0484300693727608,1.035506103098931,1.0230588883867886,1.0111552147195029,0.99986566682943,0.9892745128842314,0.9794818740828484,0.9706037580916316,0.9627730305822294,0.9561355228784632,0.9508411597937089,0.9470314037488736,0.9448248869479783,0.9443036589418676,0.9455025824024894],[1.0,1.0145227460241226,1.029910121641111,1.046065087490404,1.0628999882579073,1.0803324296295835,1.0982771966741454,1.1166356625065255,1.1352841559624416,1.154062634944714,1.1727652005989184,1.1911340376912385,1.2088582393847493,1.22557864126462,1.2408992434947186,1.2544050688382116,1.2656854563193705,1.2743609339251587,1.2801110861033762,1.2827003769273675,1.281998828555185,1.2779948528947942,1.2707983781033065,1.2606335974846365,1.247822016455233,1.2327577597808224,1.2158781053692878,1.1976327621442793,1.1784554236092457,1.1587406218684115,1.138827987291415,1.1189948603001598,1.0994570069459224,1.0803761536719432,1.0618723304661957,1.044038676500937,1.0269564153013664,1.0107080759887064,0.9953868614181879,0.9811007367491682,0.9679743929018876,0.9561499187394522,0.9457849535639045,0.937046402268012,0.9301002890774027,0.9250989847887406,0.9221675570172062,0.9213912665399138,0.9228061892167864,0.9263945507554283,0.9320856569173265,0.9397623917038735,0.9492723034356716,0.9604414902393282,0.9730890013906212,0.9870393990910226,1.0021314978890064,1.0182219945115276,1.0351841934378005,1.0529050697730482,1.0712807207985164,1.0902079092233141,1.1095698642938385,1.1292202135475051,1.1489670275762285,1.1685594125986363,1.1876791894534904,1.205939999989854,1.2228956012253043,1.238058126219844,1.2509257691350364,1.261017843233321,1.267913703035236,1.2712909052637695,1.270957490752508,1.2668736041943274,1.2591588832211307,1.2480840041253933,1.2340471449436698,1.2175384710480623,1.1990975977400067,1.1792699671060531,1.1585680060603105,1.137441847820418,1.1162625478502004,1.0953185017809195,1.074823629711939,1.054934238654387,1.0357705809835716,1.0174390390724377,1.0000520507619173,0.9837396143471824,0.9686538861564237,0.9549727475516614,0.9429012256028867,0.9326652478418097,0.924497690605476,0.9186186500395862,0.9152128892575331,0.9144082665556863,0.916259110141868],[1.0,1.0198330374135989,1.0408435033689452,1.0628999882579073,1.0858824917187153,1.1096758329444234,1.1341604117442519,1.1591986095107547,1.1846192767093404,1.2102025958082117,1.235667384644141,1.2606629791026003,1.284767666083399,1.3074951893936924,1.328310114689408,1.3466518530213443,1.3619659990185529,1.3737404857531748,1.3815430786015779,1.385056118501637,1.3841043431332927,1.3786721509317321,1.3689078082454897,1.3551136954630445,1.3377235014568742,1.3172690064427834,1.294340444307535,1.269545177305098,1.243469434975546,1.2166471864836539,1.1895389763846556,1.162521991632238,1.1358910163255145,1.1098685336540866,1.0846212575482734,1.060279930024033,1.0369593044250267,1.0147750204572585,0.9938542891023179,0.9743431088593771,0.9564107087187096,0.9402511997682559,0.9260809598265624,0.9141298212467718,0.9046268892250328,0.897782719963346,0.893770295457931,0.8927076077146737,0.8946446024767545,0.8995566871865057,0.907346029561633,0.9178506098843955,0.9308596673357028,0.9461330571794516,0.9634213455153954,0.9824833638178496,1.0030984558132792,1.0250716227449952,1.0482316217057122,1.0724254730030598,1.0975098445606912,1.1233397256888962,1.1497519473435331,1.1765436672563876,1.2034510761038129,1.2301314575088929,1.2561520441798255,1.2809888351506828,1.3040377578681086,1.3246392347770917,1.3421154309541432,1.3558174248893444,1.3651775806949076,1.3697608968628316,1.3693084446411186,1.363766460418445,1.3532962914614426,1.3382630260236752,1.3192038320052446,1.2967801825651915,1.2717206355505868,1.2447621562274511,1.2165978777372368,1.187837731860419,1.158985886656333,1.1304359284222676,1.1024818348762326,1.075340558981897,1.049180791073745,1.02415307370992,1.0004132581888405,0.9781368686103152,0.9575294599461815,0.9388333767967989,0.922329673563712,0.9083292648788225,0.8971534269592882,0.8891062749531908,0.8844433411293272,0.8833415439879779,0.8858760559131177],[1.0,1.025335245931715,1.0521681404768672,1.0803324296295835,1.1096758329444234,1.1400502145202531,1.1712992459952691,1.2032433084651515,1.2356607033529743,1.2682687538019044,1.300707930923463,1.3325317025216195,1.3632045955895686,1.3921104006595475,1.4185715172078937,1.4418791942865394,1.4613329779209037,1.4762862218848323,1.486193284069468,1.4906532602630516,1.4894450045046486,1.4825488608209967,1.4701519605662576,1.4526359478258979,1.430548277824153,1.4045604116035584,1.3754179306992844,1.3438885293541931,1.310713865367438,1.2765703901196197,1.2420427158039653,1.2076111074595643,1.1736526548219888,1.1404539178148263,1.1082316110643444,1.0771573389071256,1.0473818484449497,1.019053776259693,0.9923342447731738,0.9674079229697997,0.9444901091651562,0.9238293869503273,0.9057041274336532,0.8904109061309406,0.8782459393146875,0.8694818036643988,0.8643426141099727,0.8629813186382405,0.8654626848592212,0.8717548438396356,0.8817309858981535,0.8951811622734389,0.9118324279915802,0.9313741002577687,0.9534840067910277,0.9778514568359283,1.0041933218876342,1.032260880142488,1.0618373048939262,1.09272946197408,1.1247550263290338,1.1577259231895771,1.1914288213047335,1.2256006422997057,1.2599018911377737,1.2938942463132874,1.3270266286786478,1.3586337612833066,1.3879502400959174,1.4141414650556388,1.4363505305316986,1.4537576077872632,1.4656458763172373,1.4714661673119498,1.4708916493008943,1.4638544550086654,1.4505582072057013,1.4314637142047482,1.4072491249156283,1.3787498036357082,1.3468863172296754,1.3125905922092835,1.2767401783959016,1.2401087120457532,1.203337522508493,1.1669295422147958,1.1312630328364988,1.0966198037724908,1.0632214950965078,1.0312649094604243,1.0009483047545005,0.9724929696962619,0.9461592047336778,0.9222565148386632,0.9011459873461215,0.8832285584290164,0.8689194818766746,0.8586123819645769,0.8526382742373446,0.8512264347038134,0.854474274570563],[1.0,1.031003948071046,1.063830217208408,1.0982771966741454,1.1341604117442519,1.1712992459952691,1.209500681185188,1.248540806315535,1.2881444404254108,1.3279631105847771,1.3675560641550983,1.406378130338766,1.4437774469385958,1.4790053913411332,1.5112399330343638,1.5396221198820683,1.5633036665557822,1.5815018556313205,1.5935564712172623,1.5989825551657162,1.5975126522562493,1.5891230260901885,1.5740400518255737,1.552725414194341,1.5258414921642927,1.4942009389102404,1.4587065167370634,1.4202883727816245,1.3798459689722042,1.3382008397980163,1.2960644632207656,1.254023148526111,1.2125393885307407,1.1719669970458586,1.1325758734470208,1.0945810106876133,1.058168899329718,1.0235205425722715,0.990830894659114,0.9603240077236376,0.9322628840566755,0.9069531371690198,0.8847384801273542,0.8659861187170268,0.8510634571331689,0.8403089529388497,0.8340010829204839,0.8323299784038818,0.8353761814427954,0.8431000898803742,0.8553440780560578,0.8718472383808984,0.8922705499594461,0.9162284604984322,0.9433217437810869,0.9731663116347298,1.0054134633357166,1.0397586303099091,1.0759382979530872,1.1137189770762403,1.1528797875930432,1.1931904164873977,1.2343858260279215,1.276139016560457,1.3180311857154536,1.359524850893918,1.399947205130728,1.4384884691904545,1.4742189111980644,1.5061261813535833,1.5331718883875152,1.5543632420989988,1.5688325952416615,1.5759154315143853,1.5752163409806432,1.5666532111435072,1.550472345893312,1.5272312209020433,1.4977504321191148,1.463041182945203,1.4242184340654693,1.3824118475956013,1.338686509295182,1.2939831834073987,1.2490840478722183,1.2046052821582107,1.1610134626045108,1.1186595200986824,1.0778208126997548,1.0387390661822589,1.0016543000382068,0.9668337861034666,0.9345940151273682,0.9053144719986568,0.8794403943921922,0.8574678561222708,0.8399117115926302,0.8272605980056827,0.8199257217168652,0.8181920001758927,0.8221804689128986],[1.0,1.0368093024962801,1.075767030165986,1.1166356625065255,1.1591986095107547,1.2032433084651515,1.248540806315535,1.2948230705024568,1.3417593115190347,1.3889325968705395,1.435818379024887,1.481770437874275,1.5260183189246352,1.567679020212902,1.6057843673129668,1.6393237505816844,1.6672998532457235,1.6887929374380195,1.7030275078873696,1.7094340833643542,1.7076986610407965,1.6977934136662232,1.679984178443104,1.6548131323491684,1.6230582714220458,1.5856743871766774,1.5437226342262054,1.498297101121564,1.4504568275096987,1.4011704905863047,1.351278768938981,1.3014765983968914,1.2523146540978367,1.2042169017177715,1.1575088788977383,1.1124487185663874,1.0692576769849456,1.0281484787201078,0.9893498791391346,0.953126098908803,0.9197895417514186,0.8897054378304821,0.8632861751263531,0.840973416625315,0.8232097376292656,0.8104032281365975,0.8028898532770378,0.8008990796510668,0.8045281434899518,0.8137292697701791,0.8283122433102764,0.8479622691181022,0.8722704769957467,0.9007722267096361,0.9329870088510964,0.9684535072691741,1.0067543477556866,1.0475269534141816,1.0904599668906034,1.1352793161529442,1.1817260547236328,1.2295285096183135,1.2783709503950376,1.3278607360451709,1.3774963960803255,1.4266381097832563,1.474488371184261,1.5200902037258586,1.5623471682310872,1.6000671206014148,1.632028479973355,1.6570641286443288,1.6741545574944394,1.6825191903726084,1.6816936426607112,1.6715814735619796,1.6524719002844765,1.6250196213236623,1.590188571951597,1.5491670415123702,1.5032660053352689,1.453814873343569,1.4020686809639085,1.3491381314095166,1.2959494311884294,1.2432354878027996,1.1915549630443085,1.141331045568699,1.0928955761724801,1.0465339610017435,1.002527300504348,0.9611891274986095,0.9228936437452355,0.8880931754886453,0.8573212072387018,0.8311739755310037,0.8102714099216746,0.7952024862805909,0.7864631378971401,0.7843970790182807,0.7891502973209922],[1.0,1.0427132213124013,1.0878992650514554,1.1352841559624416,1.1846192767093404,1.2356607033529743,1.2881444404254108,1.3417593115190347,1.3961192617885347,1.4507371770696178,1.5050026370795202,1.5581665158696656,1.6093381890028196,1.657499004040449,1.7015336781883952,1.740279263296055,1.772588972411316,1.7974057980599416,1.813838849050376,1.8212340835953995,1.8192309500199995,1.807797539339117,1.7872391655500113,1.7581785361995323,1.7215093653307454,1.6783288019269968,1.6298567952915097,1.5773520267915557,1.5220340711039713,1.4650200498292845,1.4072814996200023,1.3496239731082504,1.2926885888723836,1.2369715526235274,1.1828537719590873,1.1306353104916222,1.080571124416645,1.032905012246658,0.9878995282778198,0.945859856445623,0.9071494517973544,0.8721956218178263,0.8414825543359388,0.8155299206620161,0.794859135662149,0.7799513583439462,0.7712028956083005,0.7688845089246636,0.7731109657641582,0.7838259196493604,0.8008049535622664,0.823676716961032,0.8519590414792422,0.8851043257462761,0.9225468699395319,0.9637445617819642,1.0082084333948063,1.0555158356737142,1.1053064472994216,1.157265394468195,1.2110961918519556,1.2664868330835737,1.323072097946133,1.3803948389681224,1.4378693354186263,1.494750797566888,1.5501147368697266,1.6028550611444,1.6517071080947783,1.695297819554591,1.7322216614944448,1.7611367176603947,1.7808713621601548,1.7905288434052664,1.7895757608667737,1.7779013365493244,1.7558377133684706,1.724136869851852,1.6839062389257464,1.636511537160084,1.5834603742094897,1.5262828998089273,1.4664255390447902,1.4051708626289823,1.3435915104943181,1.2825399571675287,1.2226698611952234,1.164475694796998,1.1083421563098959,1.0545970044084096,1.0035617348916213,0.9555964395102459,0.9111345197312137,0.8707038692642808,0.8349300554750867,0.8045141266696995,0.780186108717269,0.7626401706675283,0.7524610896014212,0.7500542317043698,0.7555917348202623],[1.0,1.0486656578101228,1.1001234925077383,1.154062634944714,1.2102025958082117,1.2682687538019044,1.3279631105847771,1.3889325968705395,1.4507371770696178,1.5128202855308372,1.5744847032723681,1.6348773607152054,1.6929867939153334,1.7476584196445846,1.7976299332775971,1.8415864398840385,1.8782322860518186,1.9063738966210164,1.9250056637319404,1.9333895285723488,1.9311187078875856,1.9181572464630594,1.8948496769119396,1.8618987201718042,1.8203131102139478,1.7713315868271695,1.7163321911893206,1.6567376939138,1.5939280206979511,1.529168961547655,1.4635635861187477,1.398029178069279,1.3332985473416021,1.2699395963971034,1.208387114648251,1.148981661009939,1.0920107335667086,1.0377485258740957,0.9864913473224393,0.9385860282838485,0.8944485019820685,0.8545702609590298,0.8195099418493226,0.7898682074182516,0.7662483714726631,0.749207512214419,0.7392046356099314,0.7365534130524717,0.7413868329490301,0.7536396508776106,0.7730519220828798,0.7991935406398383,0.831506186340551,0.869356076528248,0.9120890527638599,0.9590792005866938,1.0097634800101354,1.063657410724021,1.1203507677623008,1.1794877568200584,1.2407349648837942,1.3037412250415208,1.3680933389888144,1.4332712419740368,1.4986064107861368,1.563248201123248,1.6261438240083357,1.6860372811927726,1.74149539880815,1.79096437681502,1.8328552605471407,1.865652085203693,1.8880319099658338,1.8989824964997206,1.8979018641247216,1.8846649882465694,1.8596466546564632,1.8236955086258557,1.7780616475353108,1.7242873255244036,1.6640760330883553,1.5991582348474143,1.5311718103311278,1.4615718526040824,1.391578694792645,1.3221662467067226,1.2540821729755505,1.1878902150720512,1.12402608526444,1.06285845021988,1.0047484686514394,0.9501030000595224,0.8994159158111658,0.853293001443129,0.8124551453754562,0.777712093434402,0.74990812993453,0.7298466152542705,0.7182045447497335,0.7154512686650657,0.7217860496880096],[1.0,1.0546015079589508,1.1123058939477943,1.1727652005989184,1.235667384644141,1.300707930923463,1.3675560641550983,1.435818379024887,1.5050026370795202,1.5744847032723681,1.6434821052288222,1.7110382534689712,1.7760214260157279,1.8371421844363047,1.892992717002971,1.942108022286639,1.9830455844804642,2.014477235109197,2.0352843904487528,2.0446462917474593,2.042110665156399,2.0276375801800115,2.00161016755774,1.9648099058428525,1.9183587863244729,1.863635055754976,1.8021726618069744,1.735556403408744,1.6653248243706404,1.5928911335760665,1.5194892549936359,1.4461479537384283,1.3736903832244434,1.3027540775378565,1.2338257567915685,1.16728478811626,1.1034499245436424,1.0426249772294065,0.9851398123385652,0.9313833094368983,0.8818248552925033,0.8370215982476367,0.7976084689113117,0.7642691843172461,0.7376910558183505,0.718509022240852,0.7072463858149823,0.7042608186883301,0.709703996260453,0.7235015584262358,0.7453571410302329,0.7747803971373479,0.8111349173837791,0.8536985377579168,0.901726392934176,0.9545066867848213,1.0114005937346862,1.0718606134485171,1.1354260594898444,1.2017003363899375,1.27031388440935,1.3408777462128825,1.4129325857976633,1.4858975809258805,1.5590237164821368,1.6313567683408665,1.701716248088999,1.768696978164686,1.830698663413968,1.8859886863184034,1.9327969503736404,1.969435828853222,1.9944332787607566,2.006663334640767,2.005456505467386,1.9906737427002457,1.9627317996593494,1.9225744827528926,1.8715923982332214,1.8115018009767143,1.7441994626063646,1.6716138205484186,1.5955723975876617,1.517701696596633,1.4393695704029905,1.3616696135536874,1.2854407214021104,1.2113133931749531,1.1397721882207266,1.0712250777015917,1.0060720088526023,0.9447665625045724,0.8878638808442411,0.8360492258281649,0.7901410325637909,0.7510603993618242,0.7197686877857161,0.6971811346124477,0.684069203968877,0.6809677766787897,0.6881038814043571],[1.0,1.0604386367392649,1.1242782586319076,1.1911340376912385,1.2606629791026003,1.3325317025216195,1.406378130338766,1.481770437874275,1.5581665158696656,1.6348773607152054,1.7110382534689712,1.7855920806424528,1.857289309222758,1.9247084781546737,1.986299629196969,2.040451361792226,2.085578102376027,2.1202206964247794,2.143150685420936,2.153466918065732,2.150672913220588,2.1347248818445044,2.106043469494778,2.0654867120517153,2.014286732631202,1.9539575121929886,1.8861848147347415,1.812711400669615,1.7352306982127945,1.655300176478195,1.5742820895791059,1.493313754869905,1.413305434348899,1.3349614009976793,1.25881783764559,1.185290931780809,1.1147292124275403,1.0474651367433936,0.9838616315218361,0.9243495466997148,0.8694519840743742,0.8197922622910391,0.7760822838136072,0.7390895750535331,0.7095861981397151,0.6882856338742418,0.6757760307976,0.6724594332626633,0.6785063633032787,0.6938332759710495,0.7181070908851699,0.7507767161033556,0.7911269820842276,0.8383465645640543,0.8915990811619552,0.9500861041618546,1.0130924352542712,1.0800072374724752,1.150319421981445,1.2235921199003248,1.2994206919977194,1.3773800375697023,1.4569669150310367,1.5375425317274425,1.6182806601759352,1.6981271842946297,1.7757778392095132,1.849681289386855,1.9180736585855434,1.979047699706589,2.030656701275217,2.0710458628270865,2.0985980601284697,2.1120767307923893,2.110746753947482,2.0944554483999362,2.0636603575811066,2.0193978015677603,1.9631950458338805,1.8969376953709902,1.8227108283447986,1.7426360390293116,1.6587262387098627,1.5727760993764857,1.4862973448470496,1.4004989317005692,1.316307251082573,1.2344163671769262,1.1553571442448722,1.079575014319286,1.0075075646466214,0.9396545902085065,0.8766325428110208,0.8192066231262217,0.7682935650393915,0.7249267294538749,0.6901855015317265,0.6650978694039562,0.6505304781254522,0.6470842152550349,0.6550140635055811],[1.0,1.0660774981248333,1.1358372082628299,1.2088582393847493,1.284767666083399,1.3632045955895686,1.4437774469385958,1.5260183189246352,1.6093381890028196,1.6929867939153334,1.7760214260157279,1.857289309222758,1.9354283092062083,2.008890093056207,2.0759881784272287,2.1349707585135476,2.1841152083878344,2.2218369896279495,2.2468025306415544,2.258033803447264,2.2549920647167787,2.237629839903877,2.2064036421907764,2.1622447128841467,2.106490518645857,2.040784939660471,1.9669591379388336,1.8869073139725456,1.802471595395274,1.7153481648244706,1.6270221907725864,1.538734296521349,1.4514772954085535,1.3660183950690012,1.2829401888060779,1.2026933315295758,1.1256543779994388,1.052183154271044,0.9826746962605845,0.9176010508041782,0.8575383106810458,0.8031751972653435,0.755299727777762,0.7147622957875469,0.6824187366284189,0.6590601430809906,0.6453387262798586,0.6417003601587121,0.6483341840696027,0.6651475873843535,0.6917712317843194,0.727594025031456,0.77182298260581,0.8235586641561827,0.8818742184820995,0.9458855729070939,1.0148020632697672,1.087950382524488,1.164769961973493,1.2447847796770788,1.3275566023720655,1.4126262057265275,1.4994491452999448,1.587332154003912,1.6753761402721135,1.7624322951504408,1.8470785709600697,1.9276240431901068,2.0021475877653985,2.0685742723007445,2.1247880480986283,2.168773996946635,2.198776141487533,2.2134521243721146,2.21200406374402,2.1942662424640913,2.1607352043109316,2.112535742665934,2.0513258649043817,1.979153293287305,1.8982835331863552,1.811023480105572,1.719564307744847,1.6258620349185127,1.5315653035778132,1.4379924920686953,1.346152523553705,1.2567990801974016,1.1705063356085124,1.087754996922692,1.0090187171945968,0.9348423153074589,0.8659025232673547,0.803043428539765,0.7472788756214118,0.6997531365061852,0.6616621642635431,0.6341452670378906,0.6181630316067256,0.6143814744069251,0.6230831481867979],[1.0,1.071402709657265,1.1467473859296222,1.22557864126462,1.3074951893936924,1.3921104006595475,1.4790053913411332,1.567679020212902,1.657499004040449,1.7476584196445846,1.8371421844363047,1.9247084781546737,2.008890093056207,2.0880199735094878,2.160283466411494,2.223797008126283,2.276709486958486,2.3173188996546132,2.344193251377435,2.3562825561810095,2.353008521964197,2.3343202274791985,2.300707752504778,2.2531708558843704,2.193145629818898,2.122397624441761,2.042894277133884,1.9566718544454886,1.8657121257108964,1.771841271389379,1.6766591869786824,1.5815026494639521,1.4874410419274766,1.3952997085745955,1.3057039486285298,1.2191360984552915,1.1359986341276922,1.0566770560240828,0.9815969495262892,0.9112698889105251,0.8463229961244689,0.7875080465456482,0.7356864451279943,0.6917884598708856,0.6567506426854002,0.631438840236021,0.6165669506503537,0.6126230455215339,0.6198141889847638,0.6380390479928785,0.6668933839761064,0.705708338426963,0.7536159888835126,0.8096320092793053,0.8727423670649967,0.941980438078105,1.016482829861563,1.0955161024038156,1.178472224332515,1.2648379100044163,1.354143365888881,1.445897733706057,1.539518620215786,1.6342625698577788,1.729163140432599,1.8229836700559046,1.9141924766774854,2.0009683704571004,2.0812431104662594,2.1527842902768928,2.213316987394107,2.2606762046436133,2.2929759017660505,2.3087746682940944,2.307215876784455,2.288121608995684,2.252024908697921,2.200133385763816,2.134227471935252,2.0565067749232644,1.969405966966254,1.875405932725828,1.7768651325764455,1.6758902218967822,1.5742573822271908,1.4733865415155554,1.3743628750534844,1.2779948989378864,1.1848965637478286,1.0955812175538135,1.0105564285368758,0.9304099531411554,0.8558764198469336,0.7878758762065986,0.7275157237450803,0.6760470645779958,0.6347780842975288,0.6049552269340304,0.5876294592537924,0.5835294399734714,0.5929642288806143],[1.0,1.0762867665091238,1.1567489876066992,1.2408992434947186,1.328310114689408,1.4185715172078937,1.5112399330343638,1.6057843673129668,1.7015336781883952,1.7976299332775971,1.892992717002971,1.986299629196969,2.0759881784272287,2.160283466411494,2.2372542087959637,2.3048967227132193,2.361242797589539,2.404483441077973,2.4330970522935003,2.445968153780376,2.442482465849989,2.422585932259648,2.3867991775949866,2.3361843170919867,2.2722672220280797,2.1969242417760175,2.1122469823304777,2.0204012440401646,1.923495990897482,1.8234755238039286,1.7220437925972472,1.6206245830470185,1.520356367193191,1.422116773100914,1.3265693940945131,1.234224970128272,1.1455093669847747,1.060831550584323,0.9806453596758011,0.9054991656780105,0.8360677175293089,0.7731616778141197,0.7177109795028198,0.6707204465740818,0.633201941687765,0.6060910342351661,0.590159142605366,0.5859336797254225,0.5936384215251563,0.6131639074688164,0.6440733670956926,0.6856440847362403,0.7369382529801574,0.7968923582650899,0.8644110099160903,0.9384505225561253,1.0180796093990048,1.1025087346031937,1.1910857034599522,1.2832627709757345,1.3785412754935025,1.4764017677530332,1.5762277789194619,1.6772308048695583,1.778383802290509,1.8783708231560243,1.9755609735541049,2.068014918762202,2.1535307695025434,2.229732817387238,2.294201264937225,2.344634358052176,2.3790276106496147,2.3958494404744797,2.3941897541924777,2.3738595297705283,2.335425026819054,2.2801692319179536,2.2099840356988727,2.1272073867944123,2.0344281776448825,1.9342859159231256,1.8292911164566332,1.7216871423344777,1.613365652425894,1.5058382418977654,1.400258666685287,1.2974845887366118,1.198165594036191,1.102844495694618,1.012059920839897,0.9264394044345655,0.8467715021519214,0.7740471339222557,0.7094610059604831,0.6543638762766406,0.6101685785056306,0.5782214115394362,0.5596575524161874,0.5552640111144463,0.5653745304140826],[1.0,1.0805958440264603,1.165569534079221,1.2544050688382116,1.3466518530213443,1.4418791942865394,1.5396221198820683,1.6393237505816844,1.740279263296055,1.8415864398840385,1.942108022286639,2.040451361792226,2.1349707585135476,2.223797008126283,2.3048967227132193,2.376160948084164,2.435518743670944,2.48106727865804,2.5112063889847844,2.524763191399827,2.5210918668620055,2.5001356123935956,2.4624418219872473,2.409127265349093,2.341796520080547,2.262423100950859,2.1732075501433803,2.0764292588581212,1.9743085718107685,1.868893105199535,1.761977687865879,1.6550619547427123,1.5493444659167728,1.4457482031528328,1.3449699065253433,1.2475449122880995,1.153919466683339,1.064523211534462,0.9798351211798972,0.9004364680628996,0.8270446613553137,0.76052312511201,0.7018631752996005,0.6521363906142942,0.6124220371503394,0.5837180659032031,0.5668473469403842,0.5623724789653354,0.570532184603993,0.5912097376660407,0.6239392764482032,0.6679499155133395,0.7222413277893943,0.7856791367801128,0.8570951213315052,0.9353765893085086,1.0195314464532708,1.1087199369064882,1.202250401070526,1.299544448260172,1.4000779722890901,1.503306584121221,1.608584272560039,1.7150835099928445,1.8217246634214106,1.9271228165123693,2.029560584779662,2.1269954500895736,2.217108629631504,2.297398952745314,2.36531963630947,2.418448933659116,2.4546784803320953,2.4723976420052183,2.470649461405786,2.4492351844173754,2.408750182443903,2.3505435138726685,2.2766047903777373,2.189393318913799,2.0916333010248964,1.9861031928673836,1.8754465633898727,1.7620262337906114,1.6478345758841226,1.5344629352561636,1.4231245588720576,1.3147196289905583,1.2099285702372826,1.1093198788274405,1.0134595914717324,0.9230106751092206,0.8388099142360462,0.761911681500158,0.6935888433777715,0.6352813397366046,0.5884956120497833,0.5546672456000955,0.5350066929515521,0.5303531126665194,0.5410623005377682],[1.0,1.084197363677226,1.1729392236615748,1.2656854563193705,1.3619659990185529,1.4613329779209037,1.5633036665557822,1.6672998532457235,1.772588972411316,1.8782322860518186,1.9830455844804642,2.085578102376027,2.1841152083878344,2.276709486958486,2.361242797589539,2.435518743670944,2.497380998502801,2.54484869422158,2.5762563430452876,2.5903833397760967,2.5865576498238365,2.564720187501919,2.525440597361407,2.469881081387623,2.3997116539365018,2.316986633419234,2.2239971375751444,2.1231169293077663,2.0166588238010337,1.906756134365029,1.795278983081861,1.6837897520168814,1.5735366188918658,1.465479940816648,1.360343731686365,1.2586835814355601,1.1609626123994914,1.0676277473878653,0.9791791298816568,0.8962258455518594,0.8195214104600838,0.7499739088902085,0.6886265988423963,0.6366075244774221,0.5950529456363725,0.5650135456738062,0.5473556788269639,0.5426716773477505,0.5512128945330926,0.5728564666578863,0.6071119515305767,0.6531677567494424,0.7099707109572624,0.7763265257546687,0.8510053856700368,0.932836219781794,1.0207754812400447,1.1139409291503857,1.2116075608214112,1.3131711880014711,1.4180864372470776,1.5257882538796792,1.635606279914805,1.7466808598350752,1.8578890089144102,1.967788852891814,2.07459145452712,2.1761688093694502,2.2701051775938033,2.3537952284665433,2.4245866961821876,2.4799580824092073,2.517714631161911,2.536179978196431,2.534358209602732,2.512042481592875,2.469852364084535,2.4091918410108466,2.3321317878700105,2.241232440413192,2.1393304489009335,2.0293196585550626,1.9139540457751183,1.7956954418247804,1.6766195645014528,1.558383628846772,1.4422499062786096,1.329153551025907,1.2198003674457707,1.1147801247267535,1.0146817961679586,0.9201982143941709,0.8322069364777213,0.7518160143829878,0.6803644251475973,0.6193675118787979,0.5704108299474753,0.5350054012842423,0.5144252616565836,0.5095536099451674,0.5207648618274358],[1.0,1.0869687200186662,1.1786086425246098,1.2743609339251587,1.3737404857531748,1.4762862218848323,1.5815018556313205,1